id,retweet_count,favorite_count
892420643555336193,7696,36145
892177421306343426,5692,31169
891815181378084864,3774,23485
891689557279858688,7861,39433
891327558926688256,8470,37652
891087950875897856,2837,18975
890971913173991426,1847,11044
890729181411237888,17175,60892
890609185150312448,3911,26101
890240255349198849,6679,29835
890006608113172480,6669,28726
889880896479866881,4541,26144
889665388333682689,9108,44982
889638837579907072,4083,25329
889531135344209921,2054,14180
889278841981685760,4855,23607
888917238123831296,4097,27239
888804989199671297,3863,23959
888554962724278272,3172,18492
888078434458587136,3158,20396
887705289381826560,4906,28323
887517139158093824,10726,43428
887473957103951883,16376,64356
887343217045368832,9539,31514
887101392804085760,5434,28671
886983233522544640,6987,32689
886736880519319552,2931,11228
886680336477933568,4078,21050
886366144734445568,2885,19790
886267009285017600,4,110
886258384151887873,5755,26209
886054160059072513,100,0
885984800019947520,6120,30491
885528943205470208,5824,33658
885518971528720385,3403,19174
885311592912609280,16873,0
885167619883638784,3984,20500
884925521741709313,16481,72191
884876753390489601,5084,26073
884562892145688576,4284,22753
884441805382717440,5194,25370
884247878851493888,18513,67983
884162670584377345,2731,19114
883838122936631299,3133,20473
883482846933004288,9007,42883
883360690899218434,3370,21229
883117836046086144,6052,34751
882992080364220416,3548,22362
882762694511734784,4453,26484
882627270321602560,5539,26226
882268110199369728,10553,41974
882045870035918850,4460,27459
881906580714921986,3099,22792
881666595344535552,9731,47428
881633300179243008,7,117
881536004380872706,14555,46330
881268444196462592,4809,21770
880935762899988482,2545,16004
880872448815771648,3490,19935
880465832366813184,5673,26687
880221127280381952,3802,25247
880095782870896641,3958,25860
879862464715927552,3194,20969
879674319642796034,10,296
879492040517615616,2908,21998
879415818425184262,40555,99071
879376492567855104,2858,15745
879130579576475649,6212,0
879050749262655488,4285,21118
879008229531029506,2448,17808
878776093423087618,3734,18151
878604707211726852,6484,28242
878404777348136964,1179,0
878316110768087041,6087,0
878281511006478336,1179,7254
878057613040115712,6212,39477
877736472329191424,17311,74394
877611172832227328,73,0
877556246731214848,3483,21280
877316821321428993,4762,25710
877201837425926144,5103,25432
876838120628539392,3047,19428
876537666061221889,4292,22198
876484053909872640,2170,17620
876120275196170240,4278,26257
875747767867523072,3909,23637
875144289856114688,4502,20588
875097192612077568,5569,25783
875021211251597312,4330,23961
874680097055178752,4245,26128
874434818259525634,13336,0
874296783580663808,3768,24470
874057562936811520,3655,21358
874012996292530176,9401,32243
873580283840344065,3614,22791
873337748698140672,1466,0
873213775632977920,1466,6744
872967104147763200,4987,25668
872820683541237760,3422,13889
872620804844003328,3353,19518
872486979161796608,8320,38407
872122724285648897,7461,32338
871879754684805121,10129,35454
871762521631449091,3223,19074
871515927908634625,3212,19039
871166179821445120,5281,0
871102520638267392,5100,19757
871032628920680449,3537,21479
870804317367881728,5720,31789
870726314365509632,3,114
870656317836468226,2447,11678
870374049280663552,24518,78462
870308999962521604,3846,20728
870063196459192321,7699,34543
869772420881756160,9380,40278
869702957897576449,5857,26741
869596645499047938,2902,15114
869227993411051520,3510,19354
868880397819494401,13420,62007
868639477480148993,1933,0
868622495443632128,4931,25307
868552278524837888,1933,9560
867900495410671616,3896,22984
867774946302451713,6851,32245
867421006826221569,2320,15272
867072653475098625,112,0
867051520902168576,7356,30617
866720684873056260,4479,19046
866686824827068416,3265,18345
866450705531457537,32914,116260
866334964761202691,13336,49860
866094527597207552,7839,0
865718153858494464,5262,24422
865359393868664832,4693,25211
865006731092295680,7212,26699
864873206498414592,8145,30749
864279568663928832,2836,13889
864197398364647424,8313,28595
863907417377173506,3887,19662
863553081350529029,3932,14579
863471782782697472,2286,0
863432100342583297,4936,22705
863427515083354112,89,2104
863079547188785154,1045,8385
863062471531167744,2286,8077
862831371563274240,4852,18350
862722525377298433,3336,16349
862457590147678208,4648,19549
862096992088072192,21816,71035
861383897657036800,10106,34531
861288531465048066,3910,16447
861005113778896900,3607,15995
860981674716409858,2029,0
860924035999428608,757,0
860563773140209665,2029,7179
860524505164394496,5031,22666
860276583193509888,3321,17628
860184849394610176,5533,16015
860177593139703809,29309,0
859924526012018688,3889,18806
859851578198683649,3332,14815
859607811541651456,1486,17889
859196978902773760,28620,86378
859074603037188101,12952,32523
858860390427611136,7713,0
858843525470990336,3315,15003
858471635011153920,4623,20707
858107933456039936,2768,15177
857989990357356544,2479,15506
857746408056729600,10133,33028
857393404942143489,1571,5677
857263160327368704,4319,19354
857214891891077121,17,216
857062103051644929,162,0
857029823797047296,3810,18198
856543823941562368,2766,15794
856526610513747968,1799,11484
856330835276025856,646,0
856288084350160898,15,496
856282028240666624,6037,26866
855862651834028034,25,326
855860136149123072,937,4767
855857698524602368,2027,11511
855851453814013952,17324,44360
855818117272018944,5222,25868
855459453768019968,7915,28955
855245323840757760,5747,0
855138241867124737,43,0
854732716440526848,5852,22126
854482394044301312,6640,28515
854365224396361728,4532,18383
854120357044912130,7220,31178
854010172552949760,3055,15820
853760880890318849,5562,27873
853639147608842240,9729,33838
853299958564483072,3456,15127
852936405516943360,1935,0
852912242202992640,1763,8820
852672615818899456,2100,14571
852553447878664193,3380,15938
852311364735569921,9679,32448
852226086759018497,6666,19581
852189679701164033,1552,11228
851861385021730816,19,0
851591660324737024,3396,15944
851464819735769094,6888,23812
851224888060895234,5600,20305
850753642995093505,8919,30252
850380195714523136,2553,12877
850333567704068097,322,3395
850145622816686080,3712,16038
850019790995546112,4774,20062
849776966551130114,7438,29943
849668094696017920,4857,0
849412302885593088,3098,15617
849336543269576704,1863,11247
849051919805034497,8319,41717
848690551926992896,4239,24819
848324959059550208,4541,24356
848213670039564288,717,8063
848212111729840128,2985,16084
847978865427394560,3206,0
847971574464610304,425,0
847962785489326080,4991,23201
847842811428974592,1310,5364
847617282490613760,408,6900
847606175596138505,3377,18542
847251039262605312,4252,20256
847157206088847362,5762,19660
847116187444137987,3132,21212
846874817362120707,3876,19866
846514051647705089,11387,44138
846505985330044928,3029,13957
846153765933735936,8912,31260
846139713627017216,9888,30719
846042936437604353,2832,15813
845812042753855489,8587,28936
845677943972139009,4735,24954
845397057150107648,1780,7563
845306882940190720,5328,23123
845098359547420673,7555,0
844979544864018432,2524,13513
844973813909606400,3151,14953
844580511645339650,3092,16345
844223788422217728,2177,13547
843981021012017153,2919,15074
843856843873095681,4575,21298
843604394117681152,2720,16753
843235543001513987,5971,21360
842846295480000512,3606,15192
842765311967449089,1268,6691
842535590457499648,3474,18010
842163532590374912,5747,24285
842115215311396866,3012,13898
841833993020538882,14959,0
841680585030541313,7759,25597
841439858740625411,3664,12579
841320156043304961,5470,19711
841314665196081154,4625,15775
841077006473256960,5281,22768
840761248237133825,1758,0
840728873075638272,16046,0
840698636975636481,2,174
840696689258311684,966,12239
840632337062862849,1758,8973
840370681858686976,4517,16405
840268004936019968,5693,19193
839990271299457024,2267,13383
839549326359670784,7713,27388
839290600511926273,143,0
839239871831150596,6505,27051
838952994649550848,3986,19599
838921590096166913,2056,11129
838916489579200512,35,0
838831947270979586,10968,0
838561493054533637,1333,10923
838476387338051585,4762,22466
838201503651401729,10031,0
838150277551247360,332,1671
838085839343206401,1,138
838083903487373313,3131,17614
837820167694528512,7839,34085
837482249356513284,442,3848
837471256429613056,2272,12795
837110210464448512,2363,16060
836989968035819520,2293,12768
836753516572119041,4633,19325
836677758902222849,2225,12609
836648853927522308,555,0
836397794269200385,27490,0
836380477523124226,2991,14760
836260088725786625,4305,21319
836001077879255040,4264,19092
835685285446955009,8134,0
835574547218894849,3626,17800
835536468978302976,1698,0
835309094223372289,20954,0
835297930240217089,3018,16488
835264098648616962,1698,7746
835246439529840640,73,2100
835172783151792128,5774,26212
835152434251116546,3021,22426
834931633769889797,1649,10814
834786237630337024,5506,21396
834574053763584002,2541,13678
834477809192075265,10668,0
834458053273591808,1688,9634
834209720923721728,4764,20643
834167344700198914,3668,15861
834089966724603904,2143,10082
834086379323871233,2216,13111
833863086058651648,2417,13468
833826103416520705,3789,18093
833732339549220864,222,0
833722901757046785,3226,20863
833479644947025920,2062,14880
833124694597443584,4857,20254
832998151111966721,2209,13284
832769181346996225,39,0
832757312314028032,3641,16912
832682457690300417,2928,11916
832645525019123713,532,2941
832636094638288896,2801,15903
832397543355072512,2229,12010
832369877331693569,3206,17238
832273440279240704,2347,11391
832215909146226688,6232,0
832215726631055365,9371,0
832088576586297345,2,62
832040443403784192,9672,0
832032802820481025,4680,17943
831939777352105988,6162,24097
831926988323639298,34,336
831911600680497154,6540,27731
831670449226514432,1832,10492
831650051525054464,1935,7174
831552930092285952,2326,9019
831322785565769729,1563,9310
831315979191906304,1134,6572
831309418084069378,2479,11811
831262627380748289,2062,11958
830956169170665475,1507,8007
830583320585068544,16873,67185
830173239259324417,5718,0
830097400375152640,2968,9854
829878982036299777,5050,0
829861396166877184,1960,12303
829501995190984704,10668,31922
829449946868879360,2038,10519
829141528400556032,7400,24536
829011960981237760,16405,53401
828801551087042563,3442,0
828770345708580865,5912,25722
828708714936930305,11259,36712
828650029636317184,1360,9564
828409743546925057,1174,6379
828408677031882754,1304,7720
828381636999917570,2229,12657
828376505180889089,1081,7426
828372645993398273,2964,12636
828361771580813312,173,2210
828046555563323392,2892,11814
828011680017821696,2166,10417
827933404142436356,5290,20244
827653905312006145,3038,15599
827600520311402496,952,7498
827324948884643840,3078,15960
827199976799354881,2240,10651
826958653328592898,5050,21718
826848821049180160,10261,36608
826615380357632002,4024,0
826598799820865537,255,5150
826598365270007810,2365,10122
826476773533745153,4229,18533
826240494070030336,2633,13392
826204788643753985,934,4916
826115272272650244,3168,15780
825876512159186944,1893,10562
825829644528148480,2517,12829
825535076884762624,17702,57262
825147591692263424,4595,18457
825120256414846976,1275,0
825026590719483904,1275,6360
824796380199809024,5550,0
824775126675836928,3559,15035
824663926340194305,1790,10606
824325613288833024,10624,11925
824297048279236611,3914,15197
824025158776213504,604,4870
823939628516474880,2737,10716
823719002937630720,11326,0
823699002998870016,2551,14116
823581115634085888,2651,13155
823333489516937216,25,707
823322678127919110,4081,15878
823269594223824897,10007,0
822975315408461824,3494,17465
822872901745569793,43767,132844
822859134160621569,2310,13400
822647212903690241,6490,0
822610361945911296,2997,14961
822489057087389700,6490,18354
822462944365645825,14496,28331
822244816520155136,10007,35299
822163064745328640,4837,0
821886076407029760,2347,11436
821813639212650496,3396,0
821765923262631936,1678,8508
821522889702862852,1788,8113
821421320206483457,5667,0
821407182352777218,4396,11907
821153421864615936,10,259
821149554670182400,2020,8748
821107785811234820,2166,9705
821044531881721856,2314,12804
820837357901512704,6828,0
820749716845686786,10031,31925
820690176645140481,3280,12346
820494788566847489,571,0
820446719150292993,2603,0
820314633777061888,571,3383
820078625395449857,6382,20039
820013781606658049,1193,0
819952236453363712,1193,5392
819924195358416896,4939,13046
819711362133872643,3164,13550
819588359383371776,2017,9755
819347104292290561,1227,7306
819238181065359361,412,2300
819227688460238848,6828,23353
819015337530290176,37359,0
819015331746349057,19223,0
819006400881917954,19223,45836
819004803107983360,37359,87969
818646164899774465,21324,0
818627210458333184,7653,22683
818614493328580609,2608,9975
818588835076603904,6248,0
818536468981415936,2499,11041
818307523543449600,8220,0
818259473185828864,2305,11168
818145370475810820,2613,12453
817908911860748288,818,4925
817827839487737858,27490,52350
817777686764523521,2736,10887
817536400337801217,3019,11936
817502432452313088,3447,0
817423860136083457,14959,34324
817415592588222464,968,5683
817181837579653120,8597,0
817171292965273600,2059,8894
817120970343411712,2646,12382
817056546584727552,1673,8715
816829038950027264,4787,0
816816676327063552,2077,10150
816697700272001025,2234,9938
816450570814898180,8220,30867
816336735214911488,1981,8724
816091915477250048,2181,9061
816062466425819140,1041,0
816014286006976512,5370,0
815990720817401858,1041,5024
815966073409433600,8597,22745
815745968457060357,4210,0
815736392542261248,2308,9991
815639385530101762,1678,8346
815390420867969024,3869,10523
814986499976527872,1300,7766
814638523311648768,2747,11442
814578408554463233,5945,0
814530161257443328,1902,8789
814153002265309185,8838,29188
813944609378369540,3240,0
813910438903693312,1903,9433
813812741911748608,14230,36996
813800681631023104,1799,8443
813217897535406080,7438,18934
813202720496779264,1843,9383
813187593374461952,4449,20187
813172488309972993,1964,9431
813157409116065792,2257,7885
813142292504645637,2431,8604
813130366689148928,456,4549
813127251579564032,3190,12031
813112105746448384,2798,10456
813096984823349248,3688,10736
813081950185472002,2830,10045
813066809284972545,1994,8083
813051746834595840,7507,21330
812781120811126785,1944,7703
812709060537683968,1462,6724
812503143955202048,1245,6183
812466873996607488,1973,8094
812372279581671427,3735,13879
811985624773361665,1431,7381
811744202451197953,1634,7673
811647686436880384,760,5705
811627233043480576,3148,12979
811386762094317568,6508,21280
810984652412424192,1465,5435
810896069567610880,1808,9166
810657578271330305,2704,11156
810284430598270976,11538,35885
810254108431155201,3442,14959
809920764300447744,4024,15802
809808892968534016,5001,0
809448704142938112,1498,7054
809220051211603969,5718,20274
809084759137812480,3602,13470
808838249661788160,3110,10290
808733504066486276,2212,8041
808501579447930884,2662,11506
808344865868283904,21324,43330
808134635716833280,6063,0
808106460588765185,2250,8939
808001312164028416,3605,12755
807621403335917568,3699,14841
807106840509214720,56641,120426
807059379405148160,7505,0
807010152071229440,3946,13308
806629075125202948,35418,76082
806620845233815552,5649,0
806576416489959424,1989,4982
806542213899489280,2403,10410
806242860592926720,11886,0
806219024703037440,1217,6539
805958939288408065,5486,0
805932879469572096,1959,8419
805826884734976000,1866,6688
805823200554876929,8209,0
805520635690676224,1688,5851
805487436403003392,2570,8950
805207613751304193,1755,7974
804738756058218496,3905,13948
804475857670639616,2060,6252
804413760345620481,3305,0
804026241225523202,16519,45313
803773340896923648,2805,10239
803692223237865472,7584,0
803638050916102144,4227,11143
803380650405482500,1900,7913
803321560782307329,5443,0
803276597545603072,2511,10209
802952499103731712,2055,9166
802624713319034886,2977,0
802600418706604034,1502,7229
802572683846291456,2569,9095
802323869084381190,5964,16507
802265048156610565,1406,6889
802239329049477120,2682,9242
802185808107208704,279,0
801958328846974976,1750,7888
801854953262350336,243,1812
801538201127157760,2114,8374
801285448605831168,842,6170
801167903437357056,6063,24945
801127390143516673,4035,0
801115127852503040,2150,8225
800859414831898624,98,696
800855607700029440,1642,0
800751577355128832,2863,10750
800513324630806528,3055,13379
800459316964663297,2223,9679
800443802682937345,4419,0
800388270626521089,2872,11348
800188575492947969,4029,0
800141422401830912,2603,15560
800018252395122689,13465,28891
799774291445383169,4802,0
799757965289017345,2216,8547
799422933579902976,1970,8207
799308762079035393,5595,0
799297110730567681,2825,10074
799063482566066176,2518,8213
798933969379225600,4568,13339
798925684722855936,1474,7638
798705661114773508,6795,0
798701998996647937,7965,0
798697898615730177,6653,0
798694562394996736,5074,0
798686750113755136,2385,0
798682547630837760,4819,0
798673117451325440,5669,0
798665375516884993,4000,0
798644042770751489,1893,0
798628517273620480,2019,0
798585098161549313,5847,0
798576900688019456,5979,0
798340744599797760,3423,0
798209839306514432,2615,10617
797971864723324932,3179,11831
797545162159308800,4982,14825
797236660651966464,6737,20315
797165961484890113,26,225
796904159865868288,9125,0
796865951799083009,1957,7821
796759840936919040,3106,12063
796563435802726400,7432,0
796484825502875648,1800,7718
796387464403357696,4244,11208
796177847564038144,14605,0
796149749086875649,14605,32853
796125600683540480,1850,5050
796116448414461957,2473,9269
796080075804475393,2363,8611
796031486298386433,3798,11006
795464331001561088,24184,50575
795400264262053889,2943,10246
795076730285391872,5550,16497
794983741416415232,3449,0
794926597468000259,2364,10439
794355576146903043,10546,0
794332329137291264,2739,9751
794205286408003585,3390,9390
793962221541933056,5001,17138
793845145112371200,1912,9402
793614319594401792,3209,0
793601777308463104,1667,8130
793500921481273345,2430,10869
793286476301799424,9371,25054
793271401113350145,2447,8858
793256262322548741,8530,20330
793241302385262592,3372,10716
793226087023144960,2934,10021
793210959003287553,2859,9093
793195938047070209,5756,15570
793180763617361921,2047,7068
793165685325201412,2851,9576
793150605191548928,1740,6290
793135492858580992,2549,6551
793120401413079041,4007,12901
792913359805018113,4066,14594
792883833364439040,4364,11510
792773781206999040,1714,7488
792394556390137856,4393,13704
792050063153438720,1843,7285
791821351946420224,21553,0
791784077045166082,9809,0
791780927877898241,3905,0
791774931465953280,22691,45973
791672322847637504,3209,11962
791406955684368384,4210,13366
791312159183634433,2595,8951
791026214425268224,4191,0
790987426131050500,2181,10011
790946055508652032,4787,16944
790723298204217344,2362,0
790698755171364864,1970,8370
790581949425475584,7323,21032
790337589677002753,1921,7973
790277117346975746,3240,12788
790227638568808452,3646,0
789986466051088384,2362,9425
789960241177853952,4207,0
789903600034189313,4220,10539
789628658055020548,1808,7628
789599242079838210,1966,6884
789530877013393408,3449,11939
789314372632018944,2339,8801
789280767834746880,5051,0
789268448748703744,2658,9266
789137962068021249,2860,9892
788908386943430656,12735,27914
788765914992902144,10546,27842
788552643979468800,7329,0
788412144018661376,5380,15812
788178268662984705,2139,7353
788150585577050112,1312,6231
788070120937619456,3498,0
788039637453406209,1349,6237
787810552592695296,3113,8791
787717603741622272,2841,10435
787397959788929025,2898,11078
787322443945877504,1777,7917
787111942498508800,6881,0
786963064373534720,8134,27073
786729988674449408,2470,0
786709082849828864,6232,18561
786664955043049472,2609,10775
786595970293370880,3178,9592
786363235746385920,3579,11073
786286427768250368,2903,8102
786233965241827333,4837,15511
786051337297522688,158,1447
786036967502913536,7157,0
785927819176054784,3244,11583
785872687017132033,1851,6799
785639753186217984,2278,7968
785533386513321988,2034,9262
785515384317313025,1281,6206
785264754247995392,1674,7369
785170936622350336,4926,12219
784826020293709826,3305,10280
784517518371221505,2586,9112
784431430411685888,1291,5781
784183165795655680,8209,20403
784057939640352768,11326,30231
783839966405230592,10968,30509
783821107061198850,2005,7468
783695101801398276,3275,10622
783466772167098368,2288,8585
783391753726550016,5579,17136
783347506784731136,5647,0
783334639985389568,11886,29569
783085703974514689,2237,8282
782969140009107456,7505,24471
782747134529531904,1435,7586
782722598790725632,5486,17530
782598640137187329,1907,7914
782305867769217024,5667,16888
782021823840026624,6311,0
781955203444699136,3429,11286
781661882474196992,2764,10579
781655249211752448,1144,4039
781524693396357120,5649,21031
781308096455073793,2589,7234
781251288990355457,2113,8555
781163403222056960,2783,9946
780931614150983680,7432,21935
780858289093574656,2043,7291
780800785462489090,1324,5566
780601303617732608,3396,12278
780543529827336192,1769,6390
780496263422808064,3760,0
780476555013349377,115,0
780459368902959104,1094,5365
780192070812196864,2279,8826
780092040432480260,2334,0
780074436359819264,5054,12332
779834332596887552,7157,19172
779377524342161408,3156,8909
779124354206535695,18600,0
779056095788752897,4597,14955
778990705243029504,7315,20232
778774459159379968,10049,0
778764940568104960,366,876
778748913645780993,1334,6970
778650543019483137,1528,5843
778624900596654080,1022,4700
778408200802557953,4395,13789
778396591732486144,12418,0
778383385161035776,1119,5910
778286810187399168,3343,10512
778039087836069888,2686,8605
778027034220126208,1640,6622
777953400541634568,3573,0
777885040357281792,1649,6421
777684233540206592,2977,11357
777641927919427584,4292,0
777621514455814149,2530,8854
777189768882946048,4359,14429
776819012571455488,13880,0
776813020089548800,1229,4939
776477788987613185,2823,8927
776249906839351296,9263,0
776218204058357768,16070,30248
776201521193218049,2543,9721
776113305656188928,4419,11896
776088319444877312,153,1859
775898661951791106,16741,0
775842724423557120,2692,11845
775733305207554048,4035,14014
775729183532220416,4651,13133
775364825476165632,3007,7480
775350846108426240,3954,10283
775085132600442880,4802,15717
774757898236878852,1808,8701
774639387460112384,1755,6805
774314403806253056,5595,21994
773985732834758656,3921,10829
773922284943896577,1767,6459
773704687002451968,1649,6675
773670353721753600,1327,5401
773547596996571136,6248,22337
773336787167145985,5149,0
773308824254029826,7555,23546
773247561583001600,3287,9552
773191612633579521,4194,10089
772877495989305348,3927,8653
772826264096874500,2373,8147
772615324260794368,3422,0
772581559778025472,1715,6569
772193107915964416,1409,6106
772152991789019136,1144,3839
772117678702071809,750,3810
772114945936949249,473,2752
772102971039580160,951,4033
771908950375665664,1929,6648
771770456517009408,3423,12126
771500966810099713,2636,8339
771380798096281600,5149,10579
771171053431250945,7557,0
771136648247640064,2965,9227
771102124360998913,1457,6291
771014301343748096,1675,6945
770787852854652928,1214,4968
770772759874076672,1430,5221
770655142660169732,1786,7400
770414278348247044,2122,6380
770293558247038976,1500,6299
770093767776997377,3091,0
770069151037685760,2320,7666
769940425801170949,9672,31635
769695466921623552,1696,6463
769335591808995329,7807,0
769212283578875904,1743,5442
768970937022709760,6583,14476
768909767477751808,2705,0
768855141948723200,899,4235
768609597686943744,1217,4163
768596291618299904,1293,5079
768554158521745409,5903,0
768473857036525572,3474,13735
768193404517830656,3573,10954
767884188863397888,1397,4783
767754930266464257,5443,16130
767500508068192258,2365,7553
767191397493538821,3799,12390
767122157629476866,2887,10246
766864461642756096,5687,0
766793450729734144,1366,5106
766714921925144576,382,2631
766693177336135680,803,4043
766423258543644672,1607,6039
766313316352462849,1909,6838
766078092750233600,2654,0
766069199026450432,859,4255
766008592277377025,503,3771
765719909049503744,2168,7276
765669560888528897,1236,5225
765395769549590528,3409,26775
765371061932261376,2189,7111
765222098633691136,3422,11706
764857477905154048,1790,6489
764259802650378240,1512,6059
763956972077010945,55,762
763837565564780549,4191,12664
763183847194451968,1483,5417
763167063695355904,3046,0
763103485927849985,2311,7395
762699858130116608,3646,12221
762471784394268675,6462,11274
762464539388485633,4207,10354
762316489655476224,1131,4827
762035686371364864,15654,32060
761976711479193600,2025,5426
761750502866649088,3950,0
761745352076779520,870,4297
761672994376806400,29309,49783
761599872357261312,1195,4146
761371037149827077,18185,0
761334018830917632,1463,5219
761292947749015552,1092,4506
761227390836215808,1577,5343
761004547850530816,3498,11389
760893934457552897,985,3830
760656994973933572,1925,6612
760641137271070720,1309,4998
760539183865880579,3650,7596
760521673607086080,1393,4237
760290219849637889,11568,26950
760252756032651264,872,3959
760190180481531904,1818,5721
760153949710192640,31,0
759943073749200896,2090,5976
759923798737051648,5687,14740
759846353224826880,1986,6764
759793422261743616,1927,5983
759557299618865152,1194,4720
759447681597108224,2470,8529
759446261539934208,492,1681
759197388317847553,1956,6096
759159934323924993,1162,0
759099523532779520,4195,14588
759047813560868866,2033,6518
758854675097526272,903,3561
758828659922702336,3858,11260
758740312047005698,1619,5761
758474966123810816,1008,3823
758467244762497024,2229,4813
758405701903519748,1921,5225
758355060040593408,1082,3410
758099635764359168,10049,19150
758041019896193024,377,2711
757741869644341248,3268,6896
757729163776290825,7979,0
757725642876129280,1219,4559
757611664640446465,1114,4579
757597904299253760,301,0
757596066325864448,1066,4354
757400162377592832,6889,15200
757393109802180609,1747,5837
757354760399941633,1431,4533
756998049151549440,1997,6303
756939218950160384,2018,6669
756651752796094464,1309,5071
756526248105566208,3607,10442
756303284449767430,1099,3948
756288534030475264,17796,44121
756275833623502848,1537,6437
755955933503782912,2896,7342
755206590534418437,5391,16486
755110668769038337,11143,21263
754874841593970688,7947,0
754856583969079297,2535,6913
754747087846248448,524,2594
754482103782404096,1964,5307
754449512966619136,735,3765
754120377874386944,2361,7909
753655901052166144,2176,5854
753420520834629632,3582,7930
753398408988139520,1912,5770
753375668877008896,2334,7665
753298634498793472,5718,0
753294487569522689,1047,3375
753039830821511168,20954,37198
753026973505581056,972,3928
752932432744185856,6881,12661
752917284578922496,1585,6945
752701944171524096,2883,0
752682090207055872,1599,6014
752660715232722944,1561,4381
752568224206688256,2291,5516
752519690950500352,3447,7377
752334515931054080,1098,3822
752309394570878976,16279,0
752173152931807232,1843,5978
751950017322246144,921,3059
751937170840121344,1338,5200
751830394383790080,1952,5818
751793661361422336,2907,5835
751598357617971201,3048,7935
751583847268179968,1104,4403
751538714308972544,1266,5044
751456908746354688,1005,3221
751251247299190784,5896,12534
751205363882532864,1823,6336
751132876104687617,1297,5080
750868782890057730,1367,4795
750719632563142656,5051,13193
750506206503038976,1146,4445
750429297815552001,4292,13180
750383411068534784,1155,4570
750381685133418496,27,695
750147208377409536,962,3105
750132105863102464,1295,3612
750117059602808832,1319,4339
750101899009982464,847,3044
750086836815486976,535,2171
750071704093859840,3343,7845
750056684286914561,896,3165
750041628174217216,621,3181
750026558547456000,792,2724
750011400160841729,908,3248
749996283729883136,819,3069
749981277374128128,2472,5118
749774190421639168,1315,4663
749417653287129088,1641,6119
749403093750648834,534,2623
749395845976588288,3437,8565
749317047558017024,2238,5508
749075273010798592,2074,5758
749064354620928000,1525,4809
749036806121881602,795,3094
748977405889503236,3401,10767
748932637671223296,2255,5814
748705597323898880,947,2783
748699167502000129,1589,4749
748692773788876800,1333,4244
748575535303884801,1971,6069
748568946752774144,668,2197
748346686624440324,1227,5209
748337862848962560,4105,7643
748324050481647620,758,3676
748307329658011649,711,3670
748220828303695873,7796,14133
747963614829678593,2143,5768
747933425676525569,2543,6585
747885874273214464,976,2941
747844099428986880,750,2821
747816857231626240,1161,4845
747651430853525504,155,1386
747648653817413632,5848,12874
747600769478692864,556,2326
747594051852075008,1057,3675
747512671126323200,1610,5536
747461612269887489,1041,3859
747439450712596480,1913,5411
747242308580548608,2897,0
747219827526344708,1569,5258
747204161125646336,921,3369
747103485104099331,3959,9557
746906459439529985,297,2892
746872823977771008,2131,5976
746818907684614144,1742,5310
746790600704425984,1601,4860
746757706116112384,3905,9568
746726898085036033,1795,6045
746542875601690625,1875,5028
746521445350707200,983,0
746507379341139972,1082,4643
746369468511756288,1624,6171
746131877086527488,2201,6896
746056683365994496,809,3538
745789745784041472,1063,4016
745712589599014916,2325,6989
745433870967832576,2532,7068
745422732645535745,2431,8551
745314880350101504,2743,7157
745074613265149952,3490,7815
745057283344719872,2258,7240
744995568523612160,617,2959
744971049620602880,2676,7856
744709971296780288,1560,5594
744334592493166593,2109,6762
744234799360020481,77699,155922
744223424764059648,366,1654
743980027717509120,1090,4157
743895849529389061,959,3633
743835915802583040,2067,0
743609206067040256,1381,4459
743595368194129920,6517,18322
743545585370791937,940,3521
743510151680958465,3718,7901
743253157753532416,1221,4221
743222593470234624,1901,6189
743210557239623680,1358,3823
742534281772302336,3563,7041
742528092657332225,1973,4399
742465774154047488,3892,7234
742423170473463808,3760,9779
742385895052087300,1965,6781
742161199639494656,1367,4325
742150209887731712,1542,5104
741793263812808706,1506,4518
741743634094141440,2745,8141
741438259667034112,829,3665
741303864243200000,3193,8751
741099773336379392,5496,9932
741067306818797568,3091,9469
740995100998766593,2729,6333
740711788199743490,933,3388
740699697422163968,781,2833
740676976021798912,6795,18079
740373189193256964,13263,34859
740365076218183684,431,2450
740359016048689152,863,3284
740214038584557568,1956,6658
739979191639244800,5903,19889
739932936087216128,1070,4036
739844404073074688,852,3782
739623569819336705,1345,3752
739606147276148736,1645,5361
739544079319588864,21145,39324
739485634323156992,2915,7113
739238157791694849,57623,115163
738891149612572673,6,111
738885046782832640,1137,3754
738883359779196928,789,3284
738537504001953792,1537,5062
738402415918125056,833,3225
738184450748633089,1203,4291
738166403467907072,3335,8719
738156290900254721,637,2494
737826014890496000,1759,5245
737800304142471168,3442,9922
737678689543020544,1311,5008
737445876994609152,4430,10197
737322739594330112,809,3581
737310737551491075,7371,14577
736736130620620800,1715,4231
736392552031657984,7329,17571
736365877722001409,1238,3945
736225175608430592,2762,8074
736010884653420544,2977,7844
735991953473572864,1144,3574
735648611367784448,1095,4009
735635087207878657,2334,6115
735274964362878976,5005,12932
735256018284875776,876,3306
735137028879360001,964,3112
734912297295085568,524,2734
734787690684657664,6241,12442
734776360183431168,539,2482
734559631394082816,392,1472
733828123016450049,777,3553
733822306246479872,1017,3646
733482008106668032,947,3116
733460102733135873,1271,4171
733109485275860992,16741,49868
732732193018155009,531,2419
732726085725589504,882,3521
732585889486888962,774,3641
732375214819057664,2498,8026
732005617171337216,5370,14785
731285275100512256,985,3462
731156023742988288,1257,3817
730924654643314689,1958,6093
730573383004487680,2115,4867
730427201120833536,1043,3458
730211855403241472,1052,3784
730196704625098752,1885,4801
729854734790754305,1116,3998
729838605770891264,380,1714
729823566028484608,1235,3941
729463711119904772,2298,5748
729113531270991872,322,1862
728986383096946689,818,3117
728760639972315136,1691,4641
728751179681943552,675,2741
728653952833728512,1026,3280
728409960103686147,1987,4872
728387165835677696,956,3660
728046963732717569,1190,4265
728035342121635841,1652,4519
728015554473250816,1099,4077
727685679342333952,636,2936
727644517743104000,1737,5831
727524757080539137,1211,4440
727314416056803329,736,3309
727286334147182592,806,3017
727175381690781696,1371,3871
727155742655025152,1321,3584
726935089318363137,2436,6822
726887082820554753,1507,3804
726828223124897792,994,3527
726224900189511680,1136,4381
725842289046749185,2654,7021
725786712245440512,1358,4128
725729321944506368,1771,5160
725458796924002305,610,1398
724983749226668032,1302,3691
724771698126512129,633,2325
724405726123311104,1634,5234
724049859469295616,1761,4285
724046343203856385,551,2632
724004602748780546,1541,4141
723912936180330496,1226,3853
723688335806480385,2914,7601
723673163800948736,880,2978
723179728551723008,1852,5262
722974582966214656,1545,4061
722613351520608256,1624,4922
721503162398597120,1832,4582
721001180231503872,606,2500
720785406564900865,760,3086
720775346191278080,658,2436
720415127506415616,1488,4086
720389942216527872,2480,6318
720340705894408192,969,2838
720059472081784833,1109,3828
720043174954147842,1985,4862
719991154352222208,1727,4791
719704490224398336,1414,4499
719551379208073216,1890,5002
719367763014393856,735,2770
719339463458033665,1220,4386
719332531645071360,941,3397
718971898235854848,1067,3452
718939241951195136,1746,5202
718631497683582976,7965,18691
718613305783398402,477,2410
718540630683709445,1007,2431
718460005985447936,521,2672
718454725339934721,1496,4816
718246886998687744,499,1893
718234618122661888,987,3835
717841801130979328,599,2429
717790033953034240,1102,2845
717537687239008257,1841,5731
717428917016076293,446,1598
717421804990701568,839,3133
717047459982213120,1915,6235
717009362452090881,954,3218
716802964044845056,1161,4247
716791146589110272,1562,8081
716730379797970944,423,1220
716447146686459905,5801,12948
716439118184652801,207,2356
716285507865542656,1047,2740
716080869887381504,1883,6685
715928423106027520,872,3163
715758151270801409,1425,3685
715733265223708672,1673,4615
715704790270025728,562,2767
715696743237730304,1278,3872
715680795826982913,1601,4266
715360349751484417,1551,5427
715342466308784130,687,3011
715220193576927233,641,2401
715200624753819648,1870,5090
715009755312439296,1217,4116
714982300363173890,1024,3702
714962719905021952,4226,7284
714957620017307648,1400,4089
714631576617938945,988,3248
714606013974974464,922,3602
714485234495041536,1117,2660
714258258790387713,714,3007
714251586676113411,828,3249
714214115368108032,864,2250
714141408463036416,1382,4279
713919462244790272,782,3265
713909862279876608,532,1884
713900603437621249,737,2807
713761197720473600,1366,4828
713411074226274305,1287,4403
713177543487135744,2811,7160
713175907180089344,1463,4417
712809025985978368,6653,18390
712717840512598017,4932,12240
712668654853337088,1204,4144
712438159032893441,1549,5284
712309440758808576,25,242
712097430750289920,1021,3752
712092745624633345,881,2921
712085617388212225,481,3247
712065007010385924,615,2249
711998809858043904,125,0
711968124745228288,2282,7997
711743778164514816,976,2812
711732680602345472,4078,8771
711694788429553666,18185,32608
711652651650457602,907,3820
711363825979756544,1130,3616
711306686208872448,732,3273
711008018775851008,607,2973
710997087345876993,1375,4530
710844581445812225,683,2524
710833117892898816,529,2661
710658690886586372,554,2292
710609963652087808,2365,4752
710588934686908417,1850,4500
710296729921429505,731,2356
710283270106132480,517,2132
710272297844797440,1239,4499
710269109699739648,1114,2376
710153181850935296,879,2886
710140971284037632,873,2734
710117014656950272,1976,5443
709918798883774466,1076,3452
709901256215666688,99,663
709852847387627521,1191,3495
709566166965075968,1201,3522
709556954897764353,1063,3265
709519240576036864,235,1482
709449600415961088,564,2206
709409458133323776,676,2600
709225125749587968,569,2391
709207347839836162,5758,12438
709198395643068416,639,2410
709179584944730112,664,1987
709158332880297985,411,2016
709042156699303936,1614,4705
708853462201716736,653,1785
708845821941387268,894,2962
708834316713893888,495,1667
708810915978854401,6872,16354
708738143638450176,801,2725
708711088997666817,715,2518
708479650088034305,676,2526
708469915515297792,806,3071
708400866336894977,9991,15850
708356463048204288,1308,3549
708349470027751425,732,2328
708149363256774660,1541,4246
708130923141795840,845,3358
708119489313951744,974,2669
708109389455101952,546,1930
708026248782585858,1916,4356
707995814724026368,1117,3105
707983188426153984,2,50
707969809498152960,958,2681
707776935007539200,950,3254
707741517457260545,611,2465
707738799544082433,2441,4051
707693576495472641,986,3381
707629649552134146,872,2552
707610948723478529,6311,16855
707420581654872064,694,2258
707411934438625280,595,2288
707387676719185920,1280,3476
707377100785885184,1084,3257
707315916783140866,634,2456
707297311098011648,780,2755
707059547140169728,666,2579
707038192327901184,784,2168
707021089608753152,1348,4055
707014260413456384,594,2302
706904523814649856,7807,14478
706901761596989440,590,2041
706681918348251136,966,3277
706644897839910912,1082,2553
706593038911545345,629,2137
706538006853918722,1419,3452
706516534877929472,1025,3091
706346369204748288,919,3429
706310011488698368,7866,21166
706291001778950144,474,1685
706265994973601792,929,2715
706169069255446529,2195,3885
706166467411222528,1588,5131
706153300320784384,383,1473
705975130514706432,728,3088
705970349788291072,886,3149
705898680587526145,547,2348
705786532653883392,513,1922
705591895322394625,1147,3141
705475953783398401,907,2938
705442520700944385,1617,4402
705428427625635840,1673,3789
705239209544720384,745,2988
705223444686888960,796,2574
705102439679201280,516,2128
705066031337840642,615,2173
704871453724954624,1108,4242
704859558691414016,537,2239
704847917308362754,1517,5037
704819833553219584,982,2624
704761120771465216,2897,6595
704499785726889984,1008,2899
704491224099647488,78,749
704480331685040129,1061,3368
704364645503647744,3529,7943
704347321748819968,349,1570
704134088924532736,456,1495
704113298707505153,569,1839
704054845121142784,909,2906
703774238772166656,457,1831
703769065844768768,1135,3262
703631701117943808,677,2568
703611486317502464,1522,3825
703425003149250560,1360,3791
703407252292673536,691,2431
703382836347330562,1142,3493
703356393781329922,383,1912
703268521220972544,547,1962
703079050210877440,3064,7351
703041949650034688,12418,26200
702932127499816960,727,2563
702899151802126337,451,1602
702684942141153280,1073,3206
702671118226825216,553,2186
702598099714314240,3413,12170
702539513671897089,954,2867
702332542343577600,1541,3160
702321140488925184,1034,3257
702276748847800320,762,2452
702217446468493312,1326,4746
701981390485725185,989,3429
701952816642965504,1021,3826
701889187134500865,1378,3522
701805642395348998,1667,3391
701601587219795968,448,2077
701570477911896070,921,2800
701545186879471618,606,2647
701214700881756160,5073,12126
700890391244103680,563,2201
700864154249383937,618,2578
700847567345688576,501,2445
700796979434098688,936,2426
700747788515020802,9263,22695
700518061187723268,794,2594
700505138482569216,565,2272
700462010979500032,1777,4109
700167517596164096,730,2614
700151421916807169,669,2226
700143752053182464,2705,7480
700062718104104960,687,2637
700029284593901568,585,2060
700002074055016451,1335,3300
699801817392291840,949,3039
699788877217865730,508,2219
699779630832685056,1224,2727
699775878809702401,603,1953
699691744225525762,4593,10220
699446877801091073,2600,5916
699434518667751424,514,2150
699423671849451520,324,1355
699413908797464576,623,2069
699370870310113280,441,1880
699323444782047232,857,3137
699088579889332224,630,2233
699079609774645248,652,2440
699072405256409088,1185,2961
699060279947165696,1791,3727
699036661657767936,1190,2591
698989035503689728,970,3321
698953797952008193,894,2665
698907974262222848,623,2523
698710712454139905,676,2456
698703483621523456,376,1443
698635131305795584,337,1289
698549713696649216,622,2314
698355670425473025,446,1847
698342080612007937,949,2261
698262614669991936,1989,4724
698195409219559425,5945,16664
698178924120031232,736,2796
697995514407682048,330,1509
697990423684476929,1290,3271
697943111201378304,673,2368
697881462549430272,1172,2998
697630435728322560,538,1733
697616773278015490,1007,3149
697596423848730625,1260,3002
697575480820686848,496,2031
697516214579523584,1109,2042
697482927769255936,672,2399
697463031882764288,1392,3401
697270446429966336,1865,4663
697259378236399616,1000,3281
697255105972801536,1158,3021
697242256848379904,667,2498
696900204696625153,1017,3157
696894894812565505,675,2336
696886256886657024,1794,4833
696877980375769088,707,2425
696754882863349760,360,1477
696744641916489729,935,2051
696713835009417216,651,2359
696518437233913856,1701,3888
696490539101908992,141,1207
696488710901260288,1013,2516
696405997980676096,1148,3189
696100768806522880,650,1922
695816827381944320,1159,3003
695794761660297217,760,3145
695767669421768709,743,1851
695629776980148225,2085,4537
695446424020918272,1799,4370
695409464418041856,3557,8613
695314793360662529,1446,3608
695095422348574720,611,2618
695074328191332352,1092,2827
695064344191721472,588,1594
695051054296211456,785,2651
694925794720792577,914,2680
694905863685980160,936,2733
694669722378485760,14303,35620
694356675654983680,285,1492
694352839993344000,613,2026
694342028726001664,481,1564
694329668942569472,498,1997
694206574471057408,2026,4132
694183373896572928,921,2937
694001791655137281,1020,3390
693993230313091072,398,1864
693942351086120961,369,1736
693647888581312512,579,2674
693644216740769793,122,1340
693642232151285760,408,2523
693629975228977152,788,2427
693622659251335168,372,1528
693590843962331137,1945,5028
693582294167244802,249,1637
693486665285931008,634,1767
693280720173801472,1229,3333
693267061318012928,807,2360
693262851218264065,496,2201
693231807727280129,732,2855
693155686491000832,3193,7829
693109034023534592,607,1701
693095443459342336,459,1850
692919143163629568,750,2663
692905862751522816,861,2411
692901601640583168,598,1756
692894228850999298,801,2255
692828166163931137,879,2856
692752401762250755,3627,6781
692568918515392513,1525,4340
692535307825213440,1355,3153
692530551048294401,411,1818
692423280028966913,225,1471
692417313023332352,3447,9308
692187005137076224,816,2521
692158366030913536,784,2139
692142790915014657,391,1641
692041934689402880,1266,3384
692017291282812928,953,2871
691820333922455552,1654,3935
691793053716221953,4203,8088
691756958957883396,996,2843
691675652215414786,504,1945
691483041324204033,562,2378
691459709405118465,1136,4025
691444869282295808,844,2638
691416866452082688,7584,19215
691321916024623104,659,2552
691096613310316544,874,2946
691090071332753408,331,1712
690989312272396288,2851,5871
690959652130045952,1240,3562
690938899477221376,1948,4062
690932576555528194,1011,3270
690735892932222976,1264,3772
690728923253055490,513,2171
690690673629138944,812,2327
690649993829576704,278,1298
690607260360429569,18,294
690597161306841088,599,1943
690400367696297985,450,1879
690374419777196032,843,3241
690360449368465409,876,2662
690348396616552449,515,1502
690248561355657216,414,1667
690021994562220032,1027,2779
690015576308211712,728,2477
690005060500217858,1682,3647
689999384604450816,368,1413
689993469801164801,448,1457
689977555533848577,444,1362
689905486972461056,698,2426
689877686181715968,1156,3027
689835978131935233,742,2164
689661964914655233,925,3204
689659372465688576,3850,10329
689623661272240129,637,2223
689599056876867584,5493,11585
689557536375177216,454,2035
689517482558820352,1421,3383
689289219123089408,937,2248
689283819090870273,1099,3254
689280876073582592,706,1974
689275259254616065,243,1140
689255633275777024,1078,2537
689154315265683456,999,3063
689143371370250240,506,2012
688916208532455424,863,2704
688908934925697024,760,2105
688898160958271489,778,2088
688894073864884227,688,2232
688828561667567616,368,1373
688804835492233216,191,959
688789766343622656,657,2206
688547210804498433,695,2583
688519176466644993,722,2305
688385280030670848,4458,9242
688211956440801280,826,2233
688179443353796608,580,2129
688116655151435777,770,2814
688064179421470721,358,1724
687841446767013888,2499,5431
687826841265172480,1115,2737
687818504314159109,940,2468
687807801670897665,713,2390
687732144991551489,663,1751
687704180304273409,837,2419
687664829264453632,509,1925
687494652870668288,575,1888
687480748861947905,239,1589
687476254459715584,531,1976
687460506001633280,540,2049
687399393394311168,615,1874
687317306314240000,9125,20040
687312378585812992,1891,4333
687127927494963200,2257,5408
687124485711986689,501,2158
687109925361856513,2448,5768
687102708889812993,971,2333
687096057537363968,599,2233
686947101016735744,3177,8591
686760001961103360,1373,3498
686749460672679938,1448,3459
686730991906516992,1192,4123
686683045143953408,796,2808
686618349602762752,1358,3690
686606069955735556,541,1879
686394059078897668,685,1732
686386521809772549,874,3240
686377065986265092,563,2197
686358356425093120,664,2174
686286779679375361,1654,3984
686050296934563840,726,2209
686035780142297088,116,1141
686034024800862208,1139,3079
686007916130873345,409,2477
686003207160610816,622,1822
685973236358713344,521,2089
685943807276412928,590,1621
685906723014619143,2869,7465
685681090388975616,124,2025
685667379192414208,561,2346
685663452032069632,1450,3218
685641971164143616,772,2919
685547936038666240,15544,32771
685532292383666176,1152,3020
685325112850124800,3950,9411
685321586178670592,635,2641
685315239903100929,1038,3297
685307451701334016,440,2064
685268753634967552,1193,3085
685198997565345792,667,2332
685169283572338688,1424,4091
684969860808454144,367,2375
684959798585110529,3104,6794
684940049151070208,1041,3196
684926975086034944,457,3477
684914660081053696,1440,3499
684902183876321280,525,1869
684880619965411328,803,2080
684830982659280897,21553,34865
684800227459624960,996,2728
684594889858887680,3481,8858
684588130326986752,1404,4100
684567543613382656,1208,3001
684538444857667585,948,2634
684481074559381504,1163,3872
684460069371654144,557,1968
684241637099323392,3260,8097
684225744407494656,207,1223
684222868335505415,1361,3799
684200372118904832,1026,2144
684195085588783105,509,1902
684188786104872960,1163,3477
684177701129875456,658,2005
684147889187209216,1508,2970
684122891630342144,465,2002
684097758874210310,1424,4093
683857920510050305,1117,3789
683852578183077888,342,1928
683849932751646720,960,2596
683834909291606017,1106,2607
683828599284170753,1058,2779
683773439333797890,1341,3336
683742671509258241,3282,6441
683515932363329536,2883,7297
683498322573824003,960,3163
683481228088049664,992,2640
683462770029932544,668,2411
683449695444799489,1598,3875
683391852557561860,2385,7585
683357973142474752,909,2889
683142553609318400,1039,2855
683111407806746624,907,3382
683098815881154561,654,2154
683078886620553216,560,1980
683030066213818368,734,2159
682962037429899265,16465,36624
682808988178739200,167,1774
682788441537560576,1103,2464
682750546109968385,436,1512
682697186228989953,356,1314
682662431982772225,1075,3051
682638830361513985,596,2064
682429480204398592,1148,3421
682406705142087680,1760,7522
682393905736888321,668,2221
682389078323662849,458,1648
682303737705140231,964,3041
682259524040966145,1199,4123
682242692827447297,1156,3233
682088079302213632,9809,18134
682059653698686977,1671,4911
682047327939461121,926,3175
682032003584274432,1988,6531
682003177596559360,1517,3109
681981167097122816,1024,2794
681891461017812993,812,2458
681694085539872773,4029,12706
681679526984871937,436,1764
681654059175129088,916,2627
681610798867845120,461,1890
681579835668455424,1288,3532
681523177663676416,5718,14213
681340665377193984,275,1635
681339448655802368,4058,9221
681320187870711809,738,2633
681302363064414209,1803,3910
681297372102656000,945,3191
681281657291280384,1091,3206
681261549936340994,266,1450
681242418453299201,525,1478
681231109724700672,479,2394
681193455364796417,1471,3674
680970795137544192,651,2410
680959110691590145,1990,4556
680940246314430465,1046,3185
680934982542561280,432,2072
680913438424612864,619,2387
680889648562991104,360,1757
680836378243002368,1309,3442
680805554198020098,660,2141
680801747103793152,812,2367
680798457301471234,1025,2828
680609293079592961,694,2617
680583894916304897,1323,3598
680497766108381184,1899,4204
680494726643068929,481,1705
680473011644985345,736,2529
680440374763077632,496,1435
680221482581123072,291,1458
680206703334408192,1155,2815
680191257256136705,497,2128
680176173301628928,1535,3869
680161097740095489,726,2312
680145970311643136,1721,3582
680130881361686529,935,2271
680115823365742593,898,2696
680100725817409536,1360,3544
680085611152338944,8914,12718
680070545539371008,855,2562
679877062409191424,644,1980
679872969355714560,654,2168
679862121895714818,614,2437
679854723806179328,1219,2829
679844490799091713,753,2347
679828447187857408,13880,35960
679777920601223168,1091,3069
679736210798047232,781,2077
679729593985699840,816,2150
679722016581222400,460,1649
679530280114372609,2064,4762
679527802031484928,714,2619
679511351870550016,1251,3334
679503373272485890,1449,3142
679475951516934144,632,2073
679462823135686656,18600,31280
679405845277462528,1193,2349
679158373988876288,7947,21073
679148763231985668,1016,2746
679132435750195208,1141,2940
679111216690831360,2544,5892
679062614270468097,7979,16763
679047485189439488,658,2220
679001094530465792,1207,2792
678991772295516161,1141,2272
678969228704284672,452,1630
678800283649069056,886,2534
678798276842360832,1146,3416
678774928607469569,891,2779
678767140346941444,1340,3479
678764513869611008,468,1613
678755239630127104,3229,7024
678740035362037760,1657,3714
678708137298427904,2391,5528
678675843183484930,1438,2824
678643457146150913,400,2024
678446151570427904,1520,3946
678424312106393600,2504,5403
678410210315247616,1775,4162
678399652199309312,31295,78223
678396796259975168,408,1573
678389028614488064,418,1846
678380236862578688,898,2404
678341075375947776,528,1711
678334497360859136,249,1289
678278586130948096,5990,11262
678255464182861824,358,1570
678023323247357953,375,1886
678021115718029313,6223,13422
677961670166224897,1659,3368
677918531514703872,397,1323
677895101218201600,2035,4759
677716515794329600,965,3011
677700003327029250,1417,3337
677698403548192770,312,1213
677687604918272002,836,2455
677673981332312066,1473,3281
677662372920729601,939,1923
677644091929329666,783,1825
677573743309385728,690,2097
677565715327688705,455,1275
677557565589463040,1128,2403
677547928504967168,3602,6833
677530072887205888,223,1048
677335745548390400,1744,2990
677334615166730240,280,1320
677331501395156992,232,1067
677328882937298944,1476,3582
677314812125323265,521,1614
677301033169788928,394,1215
677269281705472000,696,1951
677228873407442944,1611,3489
677187300187611136,904,2692
676975532580409345,1046,2723
676957860086095872,797,2197
676949632774234114,388,1280
676948236477857792,847,2124
676946864479084545,361,1697
676942428000112642,736,2035
676936541936185344,4819,12480
676916996760600576,1776,2926
676897532954456065,709,2207
676864501615042560,695,2058
676821958043033607,15246,22483
676819651066732545,649,1786
676811746707918848,415,1391
676776431406465024,1982,4899
676617503762681856,938,2828
676613908052996102,197,1060
676606785097199616,424,1852
676603393314578432,375,1138
676593408224403456,2118,4472
676590572941893632,119,900
676588346097852417,762,2269
676582956622721024,268,1171
676575501977128964,1096,2522
676533798876651520,542,1832
676496375194980353,521,1487
676470639084101634,4574,11359
676440007570247681,647,1685
676430933382295552,337,1366
676263575653122048,530,2037
676237365392908289,281,1184
676219687039057920,30361,74763
676215927814406144,563,1701
676191832485810177,1007,2230
676146341966438401,645,1873
676121918416756736,1132,2116
676101918813499392,1137,2760
676098748976615425,1387,2939
676089483918516224,427,1278
675898130735476737,558,1574
675891555769696257,833,2071
675888385639251968,933,2323
675878199931371520,1366,4085
675870721063669760,551,1587
675853064436391936,1258,2626
675849018447167488,140,919
675845657354215424,856,2219
675822767435051008,521,1485
675820929667219457,230,1020
675798442703122432,3325,10006
675781562965868544,454,1593
675740360753160193,332,1135
675710890956750848,793,1840
675707330206547968,664,1924
675706639471788032,93,627
675534494439489536,403,1781
675531475945709568,370,1154
675522403582218240,281,1013
675517828909424640,451,1257
675501075957489664,5669,16712
675497103322386432,1255,3053
675489971617296384,577,1261
675483430902214656,953,1796
675432746517426176,552,1477
675372240448454658,501,1642
675362609739206656,225,1022
675354435921575936,16279,31629
675349384339542016,2201,3808
675334060156301312,1247,2688
675166823650848770,1541,3479
675153376133427200,2500,6074
675149409102012420,1635,3642
675147105808306176,227,915
675146535592706048,287,1148
675145476954566656,869,2071
675135153782571009,468,1267
675113801096802304,760,1891
675111688094527488,244,934
675109292475830276,1099,2713
675047298674663426,311,1037
675015141583413248,1148,2629
675006312288268288,216,954
675003128568291329,451,1517
674999807681908736,1070,2179
674805413498527744,343,835
674800520222154752,827,2922
674793399141146624,1053,2435
674790488185167872,242,1070
674788554665512960,202,790
674781762103414784,1153,1945
674774481756377088,452,1083
674767892831932416,754,1774
674764817387900928,229,771
674754018082705410,431,1329
674752233200820224,448,1423
674743008475090944,530,1353
674742531037511680,49,472
674739953134403584,375,1066
674737130913071104,85,626
674690135443775488,456,1112
674670581682434048,625,1558
674664755118911488,243,884
674646392044941312,475,1388
674644256330530816,260,1001
674638615994089473,560,1635
674632714662858753,554,1454
674606911342424069,95,910
674468880899788800,1964,6027
674447403907457024,346,1028
674436901579923456,375,1076
674422304705744896,523,1386
674416750885273600,132,667
674410619106390016,444,1161
674394782723014656,552,1463
674372068062928900,304,825
674330906434379776,72,547
674318007229923329,503,1364
674307341513269249,6714,10978
674291837063053312,5647,14212
674271431610523648,708,1517
674269164442398721,222,882
674265582246694913,810,1584
674262580978937856,435,1266
674255168825880576,525,1415
674082852460433408,163,736
674075285688614912,274,957
674063288070742018,2113,6169
674053186244734976,1247,3185
674051556661161984,472,1399
674045139690631169,615,1360
674042553264685056,121,696
674038233588723717,401,1066
674036086168010753,202,820
674024893172875264,1178,1718
674019345211760640,292,1089
674014384960745472,610,1504
674008982932058114,339,1153
673956914389192708,918,1889
673919437611909120,357,1130
673906403526995968,1565,3061
673887867907739649,244,907
673716320723169284,720,2977
673715861853720576,1979,3416
673711475735838725,287,1004
673709992831262724,262,807
673708611235921920,275,1041
673707060090052608,379,1062
673705679337693185,394,1215
673700254269775872,544,1379
673697980713705472,1894,3828
673689733134946305,620,1675
673688752737402881,476,1218
673686845050527744,415,1391
673680198160809984,446,1322
673662677122719744,352,1211
673656262056419329,228,693
673636718965334016,346,1065
673612854080196609,690,1548
673583129559498752,345,1146
673580926094458881,264,804
673576835670777856,543,1339
673363615379013632,291,988
673359818736984064,645,1399
673355879178194945,553,1452
673352124999274496,519,1602
673350198937153538,201,724
673345638550134785,1210,2420
673343217010679808,258,932
673342308415348736,551,1230
673320132811366400,7557,12953
673317986296586240,244,847
673295268553605120,3046,7238
673270968295534593,347,1037
673240798075449344,692,1371
673213039743795200,806,2166
673148804208660480,602,1631
672997845381865473,681,1896
672995267319328768,273,915
672988786805112832,277,954
672984142909456390,521,1214
672980819271634944,972,1752
672975131468300288,865,1614
672970152493887488,341,917
672968025906282496,519,1279
672964561327235073,616,1372
672902681409806336,476,1320
672898206762672129,405,877
672884426393653248,808,1491
672877615439593473,337,996
672834301050937345,539,1265
672828477930868736,468,1215
672640509974827008,303,943
672622327801233409,465,1244
672614745925664768,555,1183
672609152938721280,374,1072
672604026190569472,383,1070
672594978741354496,587,1289
672591762242805761,323,922
672591271085670400,177,696
672538107540070400,346,991
672523490734551040,160,609
672488522314567680,416,1068
672482722825261057,570,1086
672481316919734272,123,693
672475084225949696,672,1394
672466075045466113,509,1308
672272411274932228,3219,6208
672267570918129665,593,1436
672264251789176834,324,1093
672256522047614977,1468,2721
672254177670729728,707,1382
672248013293752320,572,1673
672245253877968896,147,660
672239279297454080,309,862
672231046314901505,963,1756
672222792075620352,203,756
672205392827572224,1104,2173
672169685991993344,352,982
672160042234327040,341,843
672139350159835138,662,1678
672125275208069120,1093,2293
672095186491711488,355,965
672082170312290304,349,908
672068090318987265,494,1245
671896809300709376,4000,8176
671891728106971137,549,1267
671882082306625538,1327,3333
671879137494245376,637,1356
671874878652489728,525,1204
671866342182637568,473,1079
671855973984772097,418,871
671789708968640512,3319,6788
671768281401958400,477,1152
671763349865160704,866,1611
671744970634719232,726,1297
671743150407421952,227,724
671735591348891648,726,1388
671729906628341761,4162,8178
671561002136281088,6919,12290
671550332464455680,201,873
671547767500775424,566,1295
671544874165002241,1002,1888
671542985629241344,539,1050
671538301157904385,371,897
671536543010570240,387,1123
671533943490011136,552,985
671528761649688577,248,815
671520732782923777,504,1340
671518598289059840,284,915
671511350426865664,673,1541
671504605491109889,3402,6725
671497587707535361,428,886
671488513339211776,454,965
671486386088865792,186,558
671485057807351808,223,730
671390180817915904,712,1386
671362598324076544,286,1062
671357843010908160,147,386
671355857343524864,113,468
671347597085433856,412,920
671186162933985280,201,703
671182547775299584,321,1076
671166507850801152,330,844
671163268581498880,1047,1586
671159727754231808,76,356
671154572044468225,208,685
671151324042559489,144,643
671147085991960577,204,643
671141549288370177,625,1108
671138694582165504,382,888
671134062904504320,184,717
671122204919246848,2402,3363
671115716440031232,745,1315
671109016219725825,418,1104
670995969505435648,280,1069
670842764863651840,8309,23729
670840546554966016,185,562
670838202509447168,663,1070
670833812859932673,116,424
670832455012716544,207,705
670826280409919488,3881,5302
670823764196741120,179,744
670822709593571328,91,585
670815497391357952,1472,3046
670811965569282048,259,1087
670807719151067136,466,1121
670804601705242624,914,1884
670803562457407488,84,331
670797304698376195,226,709
670792680469889025,261,792
670789397210615808,224,637
670786190031921152,193,577
670783437142401025,367,797
670782429121134593,733,1494
670780561024270336,277,761
670778058496974848,70,319
670764103623966721,400,1039
670755717859713024,104,425
670733412878163972,492,923
670727704916926465,341,800
670717338665226240,460,1150
670704688707301377,355,746
670691627984359425,231,569
670679630144274432,269,725
670676092097810432,39,238
670668383499735048,4786,10262
670474236058800128,708,1456
670468609693655041,83,345
670465786746662913,520,932
670452855871037440,194,529
670449342516494336,622,1154
670444955656130560,1893,6463
670442337873600512,190,624
670435821946826752,490,1016
670434127938719744,618,1353
670433248821026816,106,318
670428280563085312,591,1328
670427002554466305,152,503
670421925039075328,603,1256
670420569653809152,301,599
670417414769758208,306,551
670411370698022913,847,1945
670408998013820928,209,536
670403879788544000,144,410
670385711116361728,193,544
670374371102445568,258,720
670361874861563904,62,318
670338931251150849,102,411
670319130621435904,1162,3737
670303360680108032,125,416
670290420111441920,270,674
670093938074779648,316,987
670086499208155136,244,672
670079681849372674,1167,2129
670073503555706880,752,1503
670069087419133954,225,599
670061506722140161,316,735
670055038660800512,315,643
670046952931721218,162,621
670040295598354432,105,724
670037189829525505,260,572
670003130994700288,86,318
669993076832759809,79,313
669972011175813120,149,426
669970042633789440,55,291
669942763794931712,151,487
669926384437997569,93,363
669923323644657664,53,224
669753178989142016,377,777
669749430875258880,63,253
669684865554620416,86,496
669683899023405056,102,373
669682095984410625,128,343
669680153564442624,269,647
669661792646373376,412,780
669625907762618368,1723,3390
669603084620980224,344,917
669597912108789760,142,496
669583744538451968,882,1435
669573570759163904,132,421
669571471778410496,974,1533
669567591774625800,53,227
669564461267722241,117,373
669393256313184256,70,348
669375718304980992,695,1274
669371483794317312,171,476
669367896104181761,143,443
669363888236994561,216,600
669359674819481600,114,357
669354382627049472,1223,2591
669353438988365824,248,603
669351434509529089,171,417
669328503091937280,399,978
669327207240699904,114,553
669324657376567296,198,484
669216679721873412,389,1146
669214165781868544,152,423
669203728096960512,451,970
669037058363662336,298,630
669015743032369152,357,715
669006782128353280,236,556
669000397445533696,6087,20084
668994913074286592,217,424
668992363537309700,324,719
668989615043424256,315,650
668988183816871936,441,869
668986018524233728,156,532
668981893510119424,288,519
668979806671884288,332,768
668975677807423489,555,1253
668967877119254528,21,139
668960084974809088,231,681
668955713004314625,67,266
668932921458302977,55,252
668902994700836864,97,307
668892474547511297,143,385
668872652652679168,289,509
668852170888998912,153,435
668826086256599040,128,420
668815180734689280,252,539
668779399630725120,350,679
668655139528511488,209,504
668645506898350081,507,845
668643542311546881,506,842
668641109086707712,519,1031
668636665813057536,469,1002
668633411083464705,1537,2690
668631377374486528,302,681
668627278264475648,109,304
668625577880875008,122,368
668623201287675904,719,1366
668620235289837568,38,191
668614819948453888,304,593
668587383441514497,1024,1595
668567822092664832,50,233
668544745690562560,215,493
668542336805281792,202,435
668537837512433665,67,245
668528771708952576,213,446
668507509523615744,100,312
668496999348633600,125,392
668484198282485761,222,413
668480044826800133,141,440
668466899341221888,489,856
668297328638447616,283,603
668291999406125056,29,234
668286279830867968,130,484
668274247790391296,223,789
668268907921326080,222,534
668256321989451776,573,1241
668248472370458624,460,932
668237644992782336,2706,5933
668226093875376128,97,287
668221241640230912,187,496
668204964695683073,186,535
668190681446379520,191,622
668171859951755264,183,466
668154635664932864,295,479
668142349051129856,267,554
668113020489474048,224,644
667937095915278337,757,1203
667924896115245057,108,284
667915453470232577,53,199
667911425562669056,282,473
667902449697558528,360,823
667886921285246976,1027,1791
667885044254572545,449,786
667878741721415682,113,378
667873844930215936,384,602
667866724293877760,983,2899
667861340749471744,74,234
667832474953625600,60,284
667806454573760512,469,1013
667801013445750784,93,316
667793409583771648,314,674
667782464991965184,234,395
667773195014021121,52,225
667766675769573376,204,419
667728196545200128,143,364
667724302356258817,306,460
667550904950915073,33,0
667550882905632768,32,0
667549055577362432,2145,5515
667546741521195010,116,325
667544320556335104,499,824
667538891197542400,61,197
667534815156183040,498,784
667530908589760512,224,446
667524857454854144,1061,1617
667517642048163840,181,352
667509364010450944,2019,6492
667502640335572993,212,518
667495797102141441,253,500
667491009379606528,212,508
667470559035432960,90,245
667455448082227200,56,183
667453023279554560,84,298
667443425659232256,547,748
667437278097252352,225,431
667435689202614272,82,297
667405339315146752,213,448
667393430834667520,52,187
667369227918143488,153,351
667211855547486208,227,465
667200525029539841,247,587
667192066997374976,93,368
667188689915760640,379,714
667182792070062081,5847,13640
667177989038297088,51,184
667176164155375616,433,582
667174963120574464,74,234
667171260800061440,79,211
667165590075940865,1068,2567
667160273090932737,60,247
667152164079423490,16046,45493
667138269671505920,2067,4362
667119796878725120,123,318
667090893657276420,118,317
667073648344346624,112,379
667070482143944705,14,80
667065535570550784,42,161
667062181243039745,49,210
667044094246576128,46,175
667012601033924608,211,428
666996132027977728,84,231
666983947667116034,927,2421
666837028449972224,522,768
666835007768551424,77,201
666826780179869698,88,243
666817836334096384,236,490
666804364988780544,85,221
666786068205871104,456,717
666781792255496192,179,365
666776908487630848,161,331
666739327293083650,62,222
666701168228331520,206,407
666691418707132416,45,176
666649482315059201,582,1062
666644823164719104,76,221
666454714377183233,199,489
666447344410484738,18,98
666437273139982337,42,117
666435652385423360,47,159
666430724426358785,177,299
666428276349472768,77,156
666421158376562688,105,300
666418789513326592,42,115
666411507551481857,298,414
666407126856765440,32,100
666396247373291520,75,158
666373753744588802,83,173
666362758909284353,518,724
666353288456101888,66,198
666345417576210432,128,275
666337882303524864,83,181
666293911632134144,318,466
666287406224695296,61,136
666273097616637952,70,161
666268910803644416,32,96
666104133288665088,5979,13622
666102155909144576,11,70
666099513787052032,60,143
666094000022159362,66,154
666082916733198337,41,103
666073100786774016,146,297
666071193221509120,53,136
666063827256086533,197,448
666058600524156928,53,105
666057090499244032,126,269
666055525042405380,220,408
666051853826850816,776,1124
666050758794694657,51,124
666049248165822465,40,96
666044226329800704,131,272
666033412701032449,41,112
666029285002620928,42,121
666020888022790149,460,2412
